0 0 25 0 4 0 77 0 31 0
0 0 0 0 2 100 93 82 62 61
25 0 0 0 16 90 0 0 58 5
0 0 0 0 0 0 48 55 0 0
4 2 16 0 0 62 55 0 0 5
0 100 90 0 62 0 70 82 0 0
77 93 0 48 55 70 0 16 0 1
0 82 0 55 0 82 16 0 0 29
31 62 58 0 0 0 0 0 0 93
0 61 5 0 5 0 1 29 93 0