0 78 17 50 13 81 0 0 0 93
78 0 75 17 85 92 0 66 98 31
17 75 0 74 0 66 0 0 0 16
50 17 74 0 0 38 0 34 41 67
13 85 0 0 0 0 0 43 32 0
81 92 66 38 0 0 87 42 0 0
0 0 0 0 0 87 0 0 0 0
0 66 0 34 43 42 0 0 21 0
0 98 0 41 32 0 0 21 0 0
93 31 16 67 0 0 0 0 0 0