0 100 38 0 22 0 0 0 83 0
100 0 97 36 38 0 62 100 52 0
38 97 0 44 0 61 0 39 94 0
0 36 44 0 30 38 0 77 0 61
22 38 0 30 0 0 0 0 0 0
0 0 61 38 0 0 88 91 34 0
0 62 0 0 0 88 0 43 17 34
0 100 39 77 0 91 43 0 0 100
83 52 94 0 0 34 17 0 0 0
0 0 0 61 0 0 34 100 0 0