0 0 0 0 0 60 74 77 43 32
0 0 26 69 24 0 40 0 0 13
0 26 0 16 86 0 55 0 7 0
0 69 16 0 0 91 37 0 0 0
0 24 86 0 0 0 54 0 0 0
60 0 0 91 0 0 98 100 0 40
74 40 55 37 54 98 0 82 24 72
77 0 0 0 0 100 82 0 0 4
43 0 7 0 0 0 24 0 0 14
32 13 0 0 0 40 72 4 14 0