0 0 44 0 22 2 6 0 53 75
0 0 0 0 0 29 0 38 28 0
44 0 0 0 0 0 28 0 88 0
0 0 0 0 0 0 11 0 0 63
22 0 0 0 0 16 70 93 0 56
2 29 0 0 16 0 49 13 0 62
6 0 28 11 70 49 0 96 17 17
0 38 0 0 93 13 96 0 65 14
53 28 88 0 0 0 17 65 0 0
75 0 0 63 56 62 17 14 0 0