0 53 81 57 0 69 81 0 54 0
53 0 86 0 0 33 7 0 0 0
81 86 0 88 33 12 19 0 0 63
57 0 88 0 0 1 1 0 63 0
0 0 33 0 0 0 88 24 0 3
69 33 12 1 0 0 72 0 0 50
81 7 19 1 88 72 0 78 10 0
0 0 0 0 24 0 78 0 63 0
54 0 0 63 0 0 10 63 0 0
0 0 63 0 3 50 0 0 0 0