0 0 29 0 0 5 0 36 0 0
0 0 98 18 0 56 26 99 2 39
29 98 0 65 52 0 94 0 26 98
0 18 65 0 0 0 52 0 0 0
0 0 52 0 0 0 0 0 21 0
5 56 0 0 0 0 0 21 7 0
0 26 94 52 0 0 0 58 66 1
36 99 0 0 0 21 58 0 97 19
0 2 26 0 21 7 66 97 0 87
0 39 98 0 0 0 1 19 87 0